150000
151500
153015
154545.1
156090.6
157651.5
159228
160820.3
162428.5
164052.8
165693.3
167350.3
169023.8
170714
172421.1
174145.3
175886.8
177645.7
179422.1
181216.3
183028.5
184858.8
186707.4
188574.5
190460.2
192364.8
194288.4
196231.3
198193.6
200175.6
202177.3
204199.1
206241.1
208303.5
210386.5
212490.4
214615.3
216761.5
218929.1
221118.4
223329.6
225562.9
227818.5
230096.7
232397.6
234721.6
237068.8
239439.5
241833.9
244252.3
246694.8
249161.7
251653.3
254169.9
256711.6
259278.7
261871.5
264490.2
267135.1
269806.4
272504.5
275229.5
277981.8
280761.7
283569.3
286405
289269
292161.7
295083.3
298034.2
301014.5
304024.7
307064.9
310135.5
313236.9
316369.3
319533
322728.3
325955.6
329215.1
332507.3
335832.4
339190.7
342582.6
346008.4
349468.5
352963.2
356492.8
360057.7
363658.3
367294.9
370967.9
374677.5
378424.3
382208.5
386030.6
389890.9
393789.8
397727.7
401705
405722.1
409779.3
413877.1
418015.9
422196
426418
430682.2
434989
439338.9
443732.3
448169.6
452651.3
457177.8
461749.6
466367.1
471030.7
475741
480498.5
485303.4
490156.5
495058
500008.6
505008.7
510058.8
515159.4
520311
525514.1
530769.2
536076.9
541437.7
546852.1
552320.6
557843.8
563422.2
569056.4
574747
580494.5
586299.4
592162.4
598084
604064.9
610105.5
616206.6
622368.7
628592.3
634878.3
641227
647639.3
654115.7
660656.9
667263.4
673936.1
680675.4
687482.2
694357
701300.6
708313.6
715396.7
722550.7
729776.2
737074
744444.7
751889.1
759408
767002.1
774672.1
782418.9
790243
798145.5
806126.9
814188.2
822330.1
830553.4
838858.9
847247.5
855720
864277.2
872919.9
881649.1
890465.6
899370.3
908364
917447.6
926622.1
935888.3
945247.2
954699.7
964246.7
973889.2
983628
993464.3
1003399
1013433
1023567.3
1033803
1044141
1054582.4
1065128.2
1075779.5
1086537.3
1097402.7
1108376.7
1119460.5
1130655.1
1141961.6
1153381.2
1164915.1
1176564.2
1188329.8
1200213.1
1212215.3
1224337.4
1236580.8
1248946.6
1261436.1
1274050.4
1286790.9
1299658.9
1312655.4
1325782
1339039.8
1352430.2
1365954.5
1379614.1
1393410.2
1407344.3
1421417.7
1435631.9
1449988.2
1464488.1
1479133
1493924.3
1508863.6
1523952.2
1539191.7
1554583.7
1570129.5
1585830.8
1601689.1
1617706
1633883
1650221.9
1666724.1
1683391.3
1700225.3
1717227.5
1734399.8
1751743.8
1769261.2
1786953.8
1804823.4
1822871.6
1841100.3
1859511.3
1878106.4
1896887.5
1915856.4
1935014.9
1954365.1
1973908.7
1993647.8
2013584.3
2033720.1
2054057.3
2074597.9
2095343.9
2116297.3
2137460.3
2158834.9
2180423.3
2202227.5
2224249.8
2246492.3
2268957.2
2291646.8
2314563.2
2337708.9
2361085.9
2384696.8
2408543.8
2432629.2
2456955.5
2481525.1
2506340.3
2531403.7
2556717.8
2582284.9
2608107.8
2634188.9
2660530.7
2687136.1
2714007.4
2741147.5
2768559
2796244.6
2824207
2852449.1
2880973.6
2909783.3
2938881.1
2968269.9
2997952.6
3027932.2
3058211.5
3088793.6
3119681.5
3150878.4
3182387.1
3214211
3246353.1
3278816.6
3311604.8
3344720.9
3378168.1
3411949.8
3446069.3
3480529.9
3515335.2
3550488.6
3585993.5
3621853.4
3658071.9
3694652.7
3731599.2
3768915.2
3806604.3
3844670.4
3883117.1
3921948.3
3961167.7
4000779.4
4040787.2
4081195.1
4122007
4163227.1
4204859.4
4246908
4289377.1
4332270.8
4375593.5
4419349.5
4463543
4508178.4
4553260.2
4598792.8
4644780.7
4691228.5
4738140.8
4785522.2
4833377.4
4881711.2
4930528.3
4979833.6
5029631.9
5079928.2
5130727.5
5182034.8
5233855.2
5286193.7
5339055.6
5392446.2
5446370.7
5500834.4
5555842.7
5611401.1
5667515.1
5724190.3
5781432.2
5839246.5
5897639
5956615.4
6016181.5
6076343.4
6137106.8
6198477.9
6260462.6
6323067.3
6386297.9
6450160.9
6514662.5
6579809.1
6645607.2
6712063.3
6779183.9
6846975.8
6915445.5
6984600
7054446
7124990.5
7196240.4
7268202.8
7340884.8
7414293.6
7488436.6
7563320.9
7638954.1
7715343.7
7792497.1
7870422.1
7949126.3
8028617.6
8108903.8
8189992.8
8271892.7
8354611.6
8438157.8
8522539.3
8607764.7
8693842.4
8780780.8
8868588.6
8957274.5
9046847.2
9137315.7
9228688.9
9320975.8
9414185.5
9508327.4
9603410.7
9699444.8
9796439.2
9894403.6
9993347.6
10093281.1
10194213.9
10296156.1
10399117.6
10503108.8
10608139.9
10714221.3
10821363.5
10929577.1
11038872.9
11149261.6
11260754.3
11373361.8
11487095.4
11601966.4
11717986
11835165.9
11953517.5
12073052.7
12193783.3
12315721.1
12438878.3
12563267.1
12688899.7
12815788.7
12943946.6
13073386.1
13204120
13336161.2
13469522.8
13604218
13740260.2
13877662.8
14016439.4
14156603.8
14298169.8
14441151.5
14585563.1
14731418.7
14878732.9
15027520.2
15177795.4
15329573.4
15482869.1
15637697.8
15794074.8
15952015.5
16111535.7
16272651
16435377.5
16599731.3
16765728.6
16933385.9
17102719.8
17273747
17446484.4
17620949.3
17797158.8
17975130.4
18154881.7
18336430.5
18519794.8
18704992.7
18892042.7
19080963.1
19271772.7
19464490.4
19659135.3
19855726.7
20054284
20254826.8
20457375.1
20661948.8
20868568.3
21077254
21288026.5
21500906.8
21715915.9
21933075
22152405.8
22373929.8
22597669.1
22823645.8
23051882.3
23282401.1
23515225.1
23750377.4
23987881.1
24227759.9
24470037.5
24714737.9
24961885.3
25211504.2
25463619.2
25718255.4
25975437.9
26235192.3
26497544.2
26762519.7
27030144.9
27300446.3
27573450.8
27849185.3
28127677.2
28408953.9
28693043.5
28979973.9
29269773.6
29562471.4
29858096.1
30156677.1
30458243.8
30762826.3
31070454.5
31381159.1
31694970.7
32011920.4
32332039.6
32655360
32981913.6
33311732.7
33644850
33981298.5
34321111.5
34664322.6
35010965.9
35361075.5
35714686.3
36071833.1
36432551.5
36796877
37164845.8
37536494.2
37911859.1
38290977.7
38673887.5
39060626.4
39451232.7
39845745
40244202.4
40646644.5
41053110.9
41463642
41878278.4
42297061.2
42720031.8
43147232.1
43578704.5
44014491.5
44454636.4
44899182.8
45348174.6
45801656.4
46259672.9
46722269.7
47189492.4
47661387.3
48138001.2
48619381.2
49105575
49596630.7
50092597
50593523
51099458.2
51610452.8
52126557.3
52647822.9
53174301.1
53706044.2
54243104.6
54785535.6
55333391
55886724.9
56445592.2
57010048.1
57580148.6
58155950
58737509.5
59324884.6
59918133.5
60517314.8
61122488
61733712.9
62351050
62974560.5
63604306.1
64240349.1
64882752.6
65531580.2
66186896
66848764.9
67517252.6
68192425.1
68874349.4
69563092.8
70258723.8
70961311
71670924.1
72387633.4
73111509.7
73842624.8
74581051
75326861.6
76080130.2
76840931.5
77609340.8
78385434.2
79169288.5
79960981.4
80000000
